40
[57,64,85,96,58,96,85,78,57,52]
[90,60,66,100,77,71,53,81,77,76]
[59,69,50,57,58,69,53,66,50,87]
[68,80,79,78,53,53,80,79,68,92]
[73,98,58,95,89,96,73,85,88,88]
[72,51,90,84,65,51,72,90,100,71]
[82,92,81,63,91,75,61,81,63,89]
[70,61,93,83,89,97,72,98,91,87]
[78,94,100,56,71,77,80,68,100,94]
[72,80,92,66,81,76,52,67,78,80]
[179,182,198,168,179,0,220,168,246,203,182,182,182,183,195]
[156,170,162,172,175,207,203,165,249,163,159,183,187,172,156]
[157,176,214,179,163,221,189,168,237,238,205,200,201,207,179]
[233,185,245,175,237,235,218,250,207,199,190,208,163,229,245,175,235]
[217,211,150,230,212,153,161,172,220,205,160,181,221,198,185,211,150,220]
[246,219,180,155,231,172,164,233,246,221,240,238,199,235,203,246,155]
[247,155,165,188,170,225,219,196,247,214,222,223,188,195,183]
[197,213,214,235,232,240,178,165,161,163,206,222,197,214,171]
[237,182,159,249,207,183,170,159,239,217,196,209,150,237,159]
[201,227,203,211,217,221,209,239,219,250,212,194,213,156,237]
[1337,1337,0,1828,1978,1396,1630,1934,1804,1599,1741,1547,1508,1330,1388,1828,1640,1430,1764,1638,1817,1711,1863,1554,1648,1978,1507,1692,1316,1860,1659,1762,1745,1384]
[1942,1863,1366,1975,1520,1423,1752,1986,1764,1284,1274,1864,1545,1404,1563,1689,1356,1311,1424,1406,1716,1538,1752,1869,1495,1906,1960,1882,1986,1764,1637,1477,1802,1362]
[1631,1693,1772,1928,1835,1732,1796,1752,1423,1449,1943,1470,1423,1444,1449,1947,1932,1711,1437,1611,1340,1314,1387,1460,1509,1717,1778,1943,1915,1622,1816,1470,1875,1709]
[1814,1627,1340,1318,1783,1584,1625,1771,1777,1688,1890,1985,1767,1566,1795,1397,1985,1368,1539,1881,1536,1428,1767,1509,1755,1480,1662,1276,1979,1566,1893,1795,1547,1371]
[1753,1425,1543,1945,1690,1693,1961,1800,1879,1936,1532,1560,1571,1568,1455,1743,1648,1691,1604,1304,1586,1559,1902,1460,1874,1851,1738,1281,1965,1894]
[1330,1892,1385,1766,1900,1469,1910,1422,1315,1992,1301,1451,1696,1988,1415,1255,1453,1823,1580,1874,1436,1917,1969,1854,1929,1573,1704,1610,1878,1592]
[1545,1391,1731,1948,1759,1370,1493,1685,1814,1915,1349,1691,1820,1545,1601,1914,1832,1466,1473,1619,1601,1297,1984,1629,1411,1534,1914,1458,1280,1901,1832,1466,1512,1497]
[1407,1965,1476,1522,1453,1557,1868,1660,1937,1450,1896,1831,1914,1302,1744,1298,1615,1570,1477,1609,1699,1927,1303,1322,1803,1851,1543,1625,1683,1312,1407,1965,1476,1522,1453,1557,1868,1660,1937,1450,1896,1831,1914,1302,1744,1298,1615,1570,1477,1609,1699,1927,1303,1322,1803,1851,1543,1625,1683,1312]
[1286,1361,1507,1837,1788,1786,1255,1429,1973,1449,1427,1350,1599,1764,1630,1991,1693,1985,1546,1692,1435,1577,1485,1872,1842,1371,1806,1943,1352,1869,1286,1361,1507,1837,1788]
[1500,1711,1928,1352,1916,1965,1404,1869,1451,1766,1424,1638,1857,1801,1465,1500,1711,1928,1352,1916,1965,1404,1869,1451,1766,1424,1638,1857,1801,1465,1471,1302,1701,1398,1295,1471,1302,1701,1398,1295,1281,1359,1300,1982,1641,1754,1911,1532,1894,1715]
[1404,1776,1630,1814,1600,1371,1415,1362,1616,1939,1742,1627,1956,1576,1618,1753,1470,1685,1390,1573,1458,1803,1892,1404,1371,1627,1381,1512,1518,1998,1795,1398,1434,1254]
[1714,1542,1345,1391,1493,1427,1516,1730,1389,1520,1797,1546,1263,1284,1793,1596,1570,1282,1919,1421,1904,1768,1262,1457,1404,1520,1939,1922,1372,1852,1809,1269]
[1572,1332,1645,1672,1465,1769,1496,1486,1356,1949,1425,1846,1651,1762,1686,1475,1315,1884,1865,1493,1557,1624,1902,1313,1581,1770,1372,1276,1852,1272,1572,1332,1645,1672,1465,1769,1496,1486,1356,1949,1425,1846,1651,1762,1686,1475,1315,1884,1865,1493,1557,1624,1902,1313,1581,1770,1372,1276,1852]
[1921,1919,1589,1761,1604,1397,1779,1437,1926,1945,1991,1899,1439,1404,1765,1269,1615,1875,1364,1276,1500,1277,1436,1714,1949,1972,1268,1356,1746,1597,1921,1919,1589,1761,1604,1397,1779,1437,1926,1945,1991,1899,1439,1404,1765,1269,1615,1875,1364,1276,1500,1277]
[1794,1659,1976,1557,1366,1495,1390,1726,1540,1827,1671,1289,1422,1794,1659,1557,1366,1495,1390,1726,1799,1627,1620,1316,1486,1879,1873,1823,1571,1553,1719,1561,1576,1856,1942,1818,1308,1799,1627,1620,1316,1486,1879,1873,1823,1571,1553,1719,1561,1576,1856]
[1797,1625,1650,1930,1808,1968,1899,1936,1559,1677,1788,1513,1592,1833,1345,1310,1343,1710,1377,1403,1639,1979,1458,1257,1749,1563,1632,1735,1894,1657]
[1390,1915,1789,1666,1339,1395,1285,1380,1605,1564,1871,1613,1854,1817,1547,1822,1670,1294,1457,1628,1607,1488,1718,1457, 1628,1332, 1899, 1773, 1759, 1600, 1773,1393, 1978]
[1732, 1281, 1373, 1657, 1485,1521,1905,1638,1431,1958,1710,1318,1908,1814,1818,1804,1347,1293,1509,1916,1321,1774,1392,1914,1463,1367,1776,1353,1648,1703]
[1647,1865,1544,1514,1467,1924,1551,1757,1279,1991,1318,1925,1418,1726,1271,1449,1978,1531,1946,1482,1977,1347,1484,1708,1505,1881,1499,1369,1994,1976,1467]
[1548,1927,1417,1967,1687,1516,1473,1429,1493,1668,1927,1524,1528,1799,1947,1343,1992,1473,1545,1802,1482,1898,1545,1524,1540,1521,1927,1458,1870,1928,1346,1548,1524,1947,1927,1564]